% -------------------------------------------------------------------
%  Generated by MATLAB on 15-Mar-2020 11:50:51
%  MATLAB version: 9.7.0.1190202 (R2019b)
% -------------------------------------------------------------------
                                           

b_k_HPF = [3E-6; 5E-6; 7E-6; 9E-6; 1.1E-5; 1.2E-5; 1.4E-5; 1.7E-5; 1.9E-5; ...
           2.1E-5; 2.3E-5; 2.5E-5; 2.7E-5; 3E-5; 3.2E-5; 3.5E-5; 3.8E-5; ...
           4E-5; 4.3E-5; 4.6E-5; 4.9E-5; 5.2E-5; 5.5E-5; 5.9E-5; 6.2E-5; ...
           6.6E-5; 7E-5; 7.3E-5; 7.7E-5; 8.2E-5; 8.6E-5; 9E-5; 9.5E-5; ...
           0.0001; 0.000104; 0.00011; 0.000115; 0.00012; 0.000126; 0.000131; ...
           0.000137; 0.000143; 0.00015; 0.000156; 0.000163; 0.00017; 0.000177; ...
           0.000184; 0.000191; 0.000199; 0.000206; 0.000214; 0.000222; ...
           0.000231; 0.000239; 0.000248; 0.000257; 0.000266; 0.000275; ...
           0.000284; 0.000294; 0.000304; 0.000314; 0.000324; 0.000334; ...
           0.000344; 0.000355; 0.000365; 0.000376; 0.000387; 0.000398; ...
           0.00041; 0.000421; 0.000433; 0.000444; 0.000456; 0.000468; 0.00048; ...
           0.000492; 0.000504; 0.000516; 0.000528; 0.00054; 0.000552; 0.000565; ...
           0.000577; 0.000589; 0.000602; 0.000614; 0.000626; 0.000639; ...
           0.000651; 0.000663; 0.000675; 0.000687; 0.000699; 0.000711; ...
           0.000723; 0.000734; 0.000746; 0.000757; 0.000768; 0.000779; ...
           0.000789; 0.0008; 0.00081; 0.00082; 0.00083; 0.000839; 0.000848; ...
           0.000857; 0.000865; 0.000873; 0.000881; 0.000888; 0.000895; ...
           0.000901; 0.000907; 0.000913; 0.000918; 0.000922; 0.000926; ...
           0.000929; 0.000932; 0.000934; 0.000936; 0.000937; 0.000937; ...
           0.000937; 0.000936; 0.000934; 0.000931; 0.000928; 0.000924; ...
           0.000919; 0.000913; 0.000907; 0.000899; 0.000891; 0.000882; ...
           0.000871; 0.00086; 0.000848; 0.000835; 0.00082; 0.000805; 0.000788; ...
           0.000771; 0.000752; 0.000732; 0.000711; 0.000689; 0.000665; ...
           0.00064; 0.000614; 0.000586; 0.000557; 0.000527; 0.000495; 0.000461; ...
           0.000427; 0.00039; 0.000352; 0.000313; 0.000272; 0.000229; 0.000185; ...
           0.000138; 9E-5; 4E-5; -1.1E-5; -6.5E-5; -0.00012; -0.000178; ...
           -0.000237; -0.000299; -0.000363; -0.000429; -0.000497; -0.000567; ...
           -0.00064; -0.000715; -0.000793; -0.000873; -0.000956; -0.001041; ...
           -0.001129; -0.00122; -0.001314; -0.001411; -0.001511; -0.001614; ...
           -0.00172; -0.00183; -0.001944; -0.002061; -0.002181; -0.002306; ...
           -0.002435; -0.002568; -0.002705; -0.002847; -0.002994; -0.003146; ...
           -0.003303; -0.003466; -0.003634; -0.003808; -0.003989; -0.004177; ...
           -0.004372; -0.004574; -0.004784; -0.005003; -0.005231; -0.005469; ...
           -0.005717; -0.005976; -0.006246; -0.00653; -0.006827; -0.007139; ...
           -0.007468; -0.007814; -0.008179; -0.008565; -0.008974; -0.009409; ...
           -0.009872; -0.010366; -0.010894; -0.011462; -0.012074; -0.012735; ...
           -0.013452; -0.014234; -0.015091; -0.016034; -0.017079; -0.018243; ...
           -0.019549; -0.021027; -0.022716; -0.024665; -0.026942; -0.029642; ...
           -0.032896; -0.036902; -0.041959; -0.048552; -0.05752; -0.070446; ...
           -0.09072; -0.127163; -0.21211; -0.636588; 0.636588; 0.21211; ...
           0.127163; 0.09072; 0.070446; 0.05752; 0.048552; 0.041959; 0.036902; ...
           0.032896; 0.029642; 0.026942; 0.024665; 0.022716; 0.021027; ...
           0.019549; 0.018243; 0.017079; 0.016034; 0.015091; 0.014234; ...
           0.013452; 0.012735; 0.012074; 0.011462; 0.010894; 0.010366; ...
           0.009872; 0.009409; 0.008974; 0.008565; 0.008179; 0.007814; ...
           0.007468; 0.007139; 0.006827; 0.00653; 0.006246; 0.005976; 0.005717; ...
           0.005469; 0.005231; 0.005003; 0.004784; 0.004574; 0.004372; ...
           0.004177; 0.003989; 0.003808; 0.003634; 0.003466; 0.003303; ...
           0.003146; 0.002994; 0.002847; 0.002705; 0.002568; 0.002435; ...
           0.002306; 0.002181; 0.002061; 0.001944; 0.00183; 0.00172; 0.001614; ...
           0.001511; 0.001411; 0.001314; 0.00122; 0.001129; 0.001041; 0.000956; ...
           0.000873; 0.000793; 0.000715; 0.00064; 0.000567; 0.000497; 0.000429; ...
           0.000363; 0.000299; 0.000237; 0.000178; 0.00012; 6.5E-5; 1.1E-5; ...
           -4E-5; -9E-5; -0.000138; -0.000185; -0.000229; -0.000272; -0.000313; ...
           -0.000352; -0.00039; -0.000427; -0.000461; -0.000495; -0.000527; ...
           -0.000557; -0.000586; -0.000614; -0.00064; -0.000665; -0.000689; ...
           -0.000711; -0.000732; -0.000752; -0.000771; -0.000788; -0.000805; ...
           -0.00082; -0.000835; -0.000848; -0.00086; -0.000871; -0.000882; ...
           -0.000891; -0.000899; -0.000907; -0.000913; -0.000919; -0.000924; ...
           -0.000928; -0.000931; -0.000934; -0.000936; -0.000937; -0.000937; ...
           -0.000937; -0.000936; -0.000934; -0.000932; -0.000929; -0.000926; ...
           -0.000922; -0.000918; -0.000913; -0.000907; -0.000901; -0.000895; ...
           -0.000888; -0.000881; -0.000873; -0.000865; -0.000857; -0.000848; ...
           -0.000839; -0.00083; -0.00082; -0.00081; -0.0008; -0.000789; ...
           -0.000779; -0.000768; -0.000757; -0.000746; -0.000734; -0.000723; ...
           -0.000711; -0.000699; -0.000687; -0.000675; -0.000663; -0.000651; ...
           -0.000639; -0.000626; -0.000614; -0.000602; -0.000589; -0.000577; ...
           -0.000565; -0.000552; -0.00054; -0.000528; -0.000516; -0.000504; ...
           -0.000492; -0.00048; -0.000468; -0.000456; -0.000444; -0.000433; ...
           -0.000421; -0.00041; -0.000398; -0.000387; -0.000376; -0.000365; ...
           -0.000355; -0.000344; -0.000334; -0.000324; -0.000314; -0.000304; ...
           -0.000294; -0.000284; -0.000275; -0.000266; -0.000257; -0.000248; ...
           -0.000239; -0.000231; -0.000222; -0.000214; -0.000206; -0.000199; ...
           -0.000191; -0.000184; -0.000177; -0.00017; -0.000163; -0.000156; ...
           -0.00015; -0.000143; -0.000137; -0.000131; -0.000126; -0.00012; ...
           -0.000115; -0.00011; -0.000104; -0.0001; -9.5E-5; -9E-5; -8.6E-5; ...
           -8.2E-5; -7.7E-5; -7.3E-5; -7E-5; -6.6E-5; -6.2E-5; -5.9E-5; ...
           -5.5E-5; -5.2E-5; -4.9E-5; -4.6E-5; -4.3E-5; -4E-5; -3.8E-5; ...
           -3.5E-5; -3.2E-5; -3E-5; -2.7E-5; -2.5E-5; -2.3E-5; -2.1E-5; ...
           -1.9E-5; -1.7E-5; -1.4E-5; -1.2E-5; -1.1E-5; -9E-6; -7E-6; -5E-6; ...
           -3E-6];

